eval_loss = 0.09283729642629623
global_step = 5000
loss = 0.04591580703854561
