eval_loss = 0.09216686598956585
global_step = 5000
loss = 0.04591580703854561
